3.830854537566016127e+00
2.197322867387482503e+00
2.048422088191635737e+00
1.917540628174816186e+00
1.827281681515553480e+00
2.978369120599661635e+00
2.255163494132384816e+00
2.115581492907165018e+00
3.028934750435200218e+00
3.646992593134557481e+00
3.478346649868421014e+00
3.576326293703164350e+00
3.641449647995797179e+00
3.498226662012779542e+00
2.251349394991179587e+00
3.460141721421809535e+00
1.827812340351869125e+00
3.752208178009751371e+00
4.291466194326199357e+00
2.264556215998833721e+00
2.422675635702377317e+00
2.076136797019439317e+00
3.587881384804612050e+00
2.006063197634660789e+00
4.052418305596312997e+00
3.728835418020757242e+00
2.101334046410298306e+00
2.851980980742959915e+00
4.187912724438890066e+00
4.043496794045215559e+00
2.295131504684759349e+00
2.002820366504521221e+00
3.486601264737310135e+00
4.026459542472441200e+00
1.943772263978910564e+00
4.485642212886921776e+00
3.623824276114591125e+00
2.592313086473615691e+00
2.103386760249194687e+00
2.022141763549756721e+00
2.531404545087736935e+00
3.655798431626241296e+00
3.254675666569124104e+00
2.203918892927934969e+00
1.878551687380671797e+00
1.951442367466374339e+00
1.866904102997321679e+00
1.827109224644269281e+00
2.222678406981929200e+00
3.717459872911773822e+00
2.174802896000724406e+00
2.028059629352709781e+00
1.857563855476496162e+00
4.305733464478119998e+00
3.557809680978015532e+00
1.929238422012799825e+00
2.007917471526877495e+00
3.823300190379975927e+00
2.206552635594452472e+00
3.385768943271392217e+00
1.988123794681045053e+00
1.950845755279880356e+00
4.188787102415213681e+00
3.336921568924380299e+00
1.908627458862352633e+00
1.924228763197914027e+00
2.027031369661716820e+00
2.966039039082692064e+00
2.332318535211158839e+00
2.074184008358906706e+00
